422

δυναστεία 122, 3, 9. ¹ ἑλληνικός 35,3; 57,11, 1235, 1282131811·
11111111111131, 11· · , . 1111111145, 9.
ιίυσέκλατος 31, 14. ¹ ’ Ἐμμανουήλ 327, 2.
dvauftdfflqwg 123, 13, ἓαπερίοοαος 6, 8.
, 2115911111270111 04, 181Ἰ ἓινπρόθεσγιος 85, 4, 87, 12.
(13907111271111 23, 2; 03, 18. ’ ἐνάργεια 337, 6, 345, 13, 346, 3, 5, 352, 0.
Δωδώνη (7] 128, 14, 142, 8. ἐναργής 352, 6,
1111111159 annot. 3. ἐναργῶς 63, 18, 345, 15.
ἑνδομοιχεῖν 233, annot. 3, 242 11111101. 4, 324
Ε ¹ annot. 1.
1461131001111 29³ 1111 13· ’ ἐνδομυγεῖν 202, 8, 204, 11, 210, 45 222,13;
ἑβδομάδος 16 μυστήριον 342, 11. 233, 6, 237, 5, 240, 11, 2425, 324, 4.
ἑβδομήκοντα, αἱ γλῶσσαι 356, 3. Ἐνδυμίων 11111, 10.
ἑβδομήκοντα οἷ 3, 8, 4, 7, 5, 16 , 63, 3, 104, ἔνεργητικός 83, 4.
11, 356, 2. Ἑνώχ 335, 18, 363, 16.
Ἑβραῖοι 13, 3, 32, 10, 184, 18, 223, 8, ἐξεταστικός 42, 18·

253, 10, 356, 5, 3 ἐξοδεύειν 4, 1.

ἐγχρονίζειν 111, 3. . 1,,,,,,,,,, 237, 5; 242, 18,
113111 61 annot. 10. ἐπανιὲφορα 143, 6.
Εἰλείθυια 142, 5. ἴπακρος 22 11111013,
11111131136, 12. ἷπαναιρεῖσθαι 7, 8-
1111113) 143, 10. ἑπακαγέοι 158, 3.
ρῖμαρμὲνη 126, 5. ἒπιιιιδή 37, 6.

ιὶσασσιγή 40, 11. ἐπαρχία 255, 16, 407, 20.
ἕκαπᾶνταρχος 221, 7, 407, 13. ἔπαρχος 226, 7.
ἐκδικεῖν οι propugnarepro 1111111126, 16, 17, ἐπάοκηοις 53, 5.

41, 10, 12, 34, 13, 331117, 333, 12, 360, iamai inductiones [7) 225, 13,

8, 361, 10. ἐπιγράφειν τινά 111111111111111] 111 11111111208,
ἐκδίκησις336, 15. ” 10, 12, 235, 2, 5, 262, 15. &mma-1209, 5.
11111ρίσκειν82, 10. y ρ Ἐπίδαυρος 170, 6. .
ἐκβαθρῑύεσθαι 334, 15, 343, 15. ἐπιδικάζεσθαίπινσς appetere aliquid 23, 8,
ἐκβρὰζειν 132, 1, 245, 18, 261, 17. 23413.
ἐκκλησία 3, 2, 10, 3, 7, 11, 8, 19, 15, 13, 1111111510, 15.

14, 17, 9; 13, 15, 23, 11, 24, 7, 114, 5, Ἐπικούρειος 310, 7.

13, 115,5, 15, 116,15, 118,8,13, 177,1, Ἐπικούριος 122, 16, 147, 7, 286, 14.

173, 6, 253, 4, 11, 254, 10, 231, 13, 231, ἓπιμσρφοῦσθαι 144, 3.

13, 351, 13. ἐπίσκοπος 7, 3, 8,1,4, 3,14, 11,10, 18,
ἓκνυμφεύειν 144, 6. 12, 23, 3, 21, 2, 15, 117,.3, 115, 6, 12,
ἓνπερινοσοεῖν 166, 10. 177, 2, 173, 7, 181, 8, 254, 8ῐ 416, 5·
Ἕκτωρ, 170, 12.4 · ἐπίσκοπος ἐπισκόπων 10, 2.
ὲ1ευθιροπριπεία 123, 3 ἐπιτεταμένως 35, 12.
1111131ρσπροπ1ία 123 11111101. 2. ἔπιφινίνεσθαί τινα invisere aliquem 17, 1, 13,
111111, 11; 11, 11, 1111, 1111, 111111. ’ 1111, 11, 111, 11.

Ἑλιέζερος 45, 8 ἐπιχορηγεῖν 86, 11ῐ 220, 111
Ἑλλάς· 146, 14. iaz-a* Ἰ(1τῐ11.οι 364, 3.
Ἕλληνες 48, 10, 124, 5, 6; 125, 8, 16, 130, ἐπριιίή 405, 13.
1,1; 111, 1, 10; 111, 11,· 111, 111111, 11,.. 111, 1; 111, 1; 111. 1·
18, 241, 6, 303, 2, 313, 13, Ἑρμαφρόδιτος 145, 3.

 

 

