48

Σιμιιι1Π4ιροι1 16, 6. Σιιροιιιιιο ιὶιιιο ιι,55 12
Σιιιιι ιιιοι( Σιιμι 0464) 38,,7 44,12;51,18; ιιἰιιηιιι,οοιιιιε 40044010030,6; 255. 8, 01'-
54, 11, 55 4 56, 14, 47, 57, 4, 6, 567, σιιηιιιιῆςέιιιλιῑσία ια,ς15 15.
13, 17 seqq 77, 44, 18, 78, 15, 76, 16, ιιισιηιιιιι ιίζιιθιιιι 61763.
82 11 121110· 121 8; 1221 10 12 Σι ιιι ιιι 140 0⁶, 444 ιιιιι. 4. ιιι, 10.
17,135 16, 173,7, 46, 174, 44· 477, 3, Σωκρα ιιιι5,1.ς147
476, 46,16,186,8,181,16,182,4·183,
4, 165 486, 17, 253, 44, 28615, 287,2, Τ
316, 3, 6, 348, 13, 316, 14, 323, 8 seqq. ιιιλιιιιζιιι deplorare 27, 25.
333, 4, 6, 11, 337, 8 seqq,; 371, 5, 6; 373, Τάνταλος 27, 14, 137, 14, 146, 18.
3, 5, 46 seqq.; 385, 6, 17; 386, 5, 387, ταξίαρχος· 22, 15, ·
6 seqq.) 466. 5, 13, 26, 467, 4. 8, 13,16, ιιιριτ1ρ118ς 26, 11.
466, 7, 17, 26, 416, 5, 13, 15,16, 411,1, Τάρταρος 27, 14, 66, 173 128. 6, 465, 4.
2, 7, 8, 16, 12, 14, 442, 8, 15, 16, 413, τιιώ 156, 6.
16, 414, 11, 15, 415, 1, 15, 26, 416, 1. ιιθιιρρηκᾶτιιις 84, 3.
2706604 27, 14, 137, 14,· 14618. ιιιιοβᾶρος 156, 5.
ιικύλλιιιι 26, 4. ιιιριιγειής 158, 1.
ιιιυλιιός 45, 16. Τηθύς 155, 6.
σκύλοις 256, 8. Τῆν 04156 8111101. 4
Σόδομα 64, 16. 66, 7· Τι4ιο1190,ς26 6;123, 4, (266) 7)
Σολομῶν 251, 18, Τιιιῐι ιιιις 1,56 8.
σοφία ἡ θεοῦ 325, 11, 12. Τιοιυος 27,14, 137, 14, 146, 16
ιοοιομὸς 46, 11, ιοὶχιιριος 26, 3.
Σοφοιιίιις 45 annot. 4. τόμος 42, 16.
Σοφιιιιιάς 45, 6, 365 2, 6, 16, 366, 2, 366, ιριιιιιζίτης 76, 2, 166, 6, 112, 1, 368, 6.
17, 466, 6, 461, 6. ιριιικοιιιῖς 58, 15.
Σιιιιριιιῑος 143 00004. 8. τρίβων 124,15, 147, 1.
σιιιριιιιτιιιῑς 356, 8. ιριβιιίιιον 258, 47.
σταγών 86, 4, 88, 8, 465, 5. ιριιιυμίιι 26, 6.
σιαθμίοι 17, 12. Τρίπολις 181, 16, 12, 15, 213, 4, 226, 15,
σἰιισιιὶζιιν 137, 11. 25415
ιιιειοχιιριῖι 21, 8. ιριιιςιιο αἰορ ιο,ς2163, ’212 13, 247, 11; 283, 15
στερέωμα 95, 12, 323, 6· ιιρ ιιι, ὲιιιριή 261613, τροιιή φθιιιιι ιιωιρ ιη’
ιιιχιιιι 5, ιι, 18, 10, 4214 21118310 30 0 ι, ιι. ιι, 8, 2181, 404. 4,3 ιι,
2, 464, 4. 461, 12, 16.
στῦλοι α’,ιιιέλιιιοι ἓν Ἀράδῳ 263, 6, 11. Τρώιλος 145, 1.
συριιιταβὰλλιιι 66, 4. ιυιιβιιριῖχοι 227, 6.
συγκαιαιοιῖι 46 41111101. 6. Τιῖμνιιιος 145, 2.
ιιιιι... 52, ιι, 53, ιι, 54, ι, 55, 3, 58, 40, ιιι, 118118, 134, 0, 454, 8, ιιι, 1, ιο,
66, 6, 85, 17, 86, 143 116, 14. 18, 176, 16, 183, 3.
οιῖζιιγος 86, 5. τῶι ιιρᾶς ιι εἶναι 387ι 46»
συλλογισμοί 33, 3, 43, 15.
ιοιαλιζισθαι 21 81111818. Y
συιιιιιλιζισθαι 21, 6. Ὑάκινθος 145, 1·
44464445449474 75, 17, 377, 14, 146ρο οοιχ οιΐον 213, 5¹ 226, 4, 16.
συιιιθιιιιεῖι 82, 6. ”4410110009 466 6
οιιιιιιιδοιιιῑι 13, 3. 44024· 145, 1, 6·

Συρία 183, 7, 254, 4, 12, 362, 12. 0‘44'0004 36

 

