ι
1

η
1

127

πεῖσις 33, 1, 8.

Πηλεύς 115, 1, 156, 8, 161, 11, 165, 2.
Πλάτων 1161111011, citatur 313, 13.
πλνισνονίκης 122, 13, 106, 1.

Πλούτων 127, 18, 111, 7, 150, 7, 155, 13,

’ 160, 9;163, 18.

πολέμαρχος 93, 9,

πολιτεία vilae institutio 3, 11, 185, 56, 35,
95, 2, 195, 5, 212, 6, 283, 8, 366, 8.

Πολυδεύκης 111, 2, 116, 6.

σολννθεομανία 78, 13.

πολυλαλιά 361, 13.

Πολυξένη 165, 6.

πολλαπλασίως 117, 6.

πνλνλσημος 1, 4.

Πολύφημος 115, 6.

πολοχανιλής 159, 18.

πομφόλυξ 158, 12.

Πὸρσνς 261, 11, 262, 6.

Ποσειδῶν 127, 18, 11116, 116, 1, 150, 7,
155, 15, 160, 13, 163, 19.

Ποτνιεολς 115, 2. ’

πρεσβιλνεροι 9, 3, 13, 10, 1, 15, 5, 13, 17,9,
20, 3, 21, 1, 115, 7, 19, 118, 6, 177, 2,
179, 6, 181, 8, 185, 6, 253, 3, 251, 8.

προσπαντῒιν 35, 8.

προάστεια 182, 3.

προασφσλλζεσθαι 15, 10.

πρσβνλξύς 381, 7.

προνοοῦναι 115, 11.

προννκλνίοεσθαι 110, 11.

προεφσιλινλζενν 70, 16.

προκαθεζόμενος τῆς simonae 12, 1, 22, 11.

προκιννελλημμα 58 annot. 5. ⁴

προκαννλλσμμα 58, 5.

προκατασκοπεῖν 297, 15.

νοόλνννν 196, 2.

Προμηθεύς 153, 13, 165, 1.

προσεκλύειν 78 annot. 2.

προσενννποϊιν 152, 10.

πρόσκαιρος κόσμος 397, 8.

προονωνορθνῦν 29 annot. 5.

πρόσρημμα 20, 11.

πρόφασις occasio, causa, adjumentum, 'suh-
sidium 16, 11, 11, 83, 9, 90,11,112,11,
174, 6; 198, 7, 201, 6, 203, 12,· 211, 15,
2528, 290, 7, 291, 15, 292, 12,’372,16.

προφάσει per, oh 17,11, 5610, 71, 5,

90, 6, 91, 3, 115, 11, 116, 13, 117, 1,1;
119, 16, 151, 9, 166, 6,· 17111, 18213,
201, 9, 205, 5, 210, 13, 15, 291, 5, 295,
3, 391, 2.

προφήτης ὅ α’ληθὴς, οΙ τῆς ἀληθείας 18, 10,
11,11,6,15,12,13,17,12,19,10,51,
11, 83, 6, 81, 6, 85, 12,·88,16, 92, 12,
11,· 107, 5, 177, 9, 17815, 187,10, 195,
11, 214, 11, 2133, 2761, 311,15, 337,
13, 358, 8, 112, 21. προφήτης πρόγνωσιν
ἒχων 275, 17.

πρωραλς 20, 2, 21, 2.

πρανεῖα 15, 12.

πρωτοσνλστανος 159, 16.

πρωτότοκος 51, 5.

πνλθωνες 207, 15.

Πυριφλεγέθων 27, 13.

Πύρρων 286, 11.

Ρ

Ῥαδάμανθυς 111, 1, 113, 8.

Ῥάχηλ 57, 9.

Ῥέα 133, 13, 155, 9, 13,17, 159,1, 163,18.

ῥέμβεσθαι 18, 12; 240, 6.

Ῥόδιος 170, 11.

Ῥἇδος 113, 10.

§unul 17, 12.

Ῥοιῖβιλος 15, 9.

Ῥωμαῖοι 25, 1, 30, 10, 26317, 261,5, 268,
17, 302, 2.

Ῥνλμη 11,1ἱ 32,3,1, 39, 11, 135,1,6, 153,
10, 11, 151, 16, 262, 5, 295, 2, 301, 2,
302, 11.

5¹

Σαδδουκαῖοι 106, 6, 108, 6.

Σαμαρειῖς 38, 7, 51, 19, 57, 19, 135, 11.
Σαρπηδών 113, 8.

Σααρᾶς 15, 9.

’ Σελεύκεια 302, 12.

Σελήνη 150, 8, 170, 1.

Σεμέλη 111, 5.

σήθενν θάλασσαν 97, 13.

Σιδων 122, 12, 173, 11, 176, 15, 177, 3, 51
179, 1, 8, 181, 16.

Σικελία 113, 10.

Σικελός 268, 10.

σικύα 61,10. ¹

 

