α,

’Ὶὶιον 170, 12. ’ ,ια’νθαρρς 248, 15.
Ἰμαλία 143 annot. 8. , , - κανοὶν τῆς συζυγίας 55, ,3, 1111, 6. . ==
ἳνδολμα 121, 3. ’ κανών προφητναός 53, 8. ¹-
Ἰξίοιν 27, 14 , 145, 5. Κάραι 150, annot. 1, 170, 5.
Ἰούδα 105, 14, 111· καρδία, ἡ τοῦ (ἵνα καὶ κάτω 341, 3, 342, 2·
’faveam 29, 13, 3,, 3, 5, 12; 32, 4; 37, 1, ο(..,...’ρ) 150, 8. '
9; 38, 5, 286, 8, 409, 7, 411, 3, Κάρραι 150 annot.1'
115, 15. , Kaumana 143, 11.
Ἰουδαῖοι 23, 14, 38, 11, 127,4, 132314, 133, Κάστωρ 144, 2, 146, 6.

3, 135, 8, 11,12, 152,12,17, 176,2, 207, Χναταγοηίεύνιν 120, 18.

12, 241, 5, 6, 3, 286 5115015, 317, 2, κατάθεμα 8, 17.

319, 15, 321, 11, 16, 17, 322, 2, 327, 8, καταιγίας 97, 2.

363, 3, 415, 4. κατασιωπᾶν ad silentium redigere 31, 5,
Ἰοῦοτα 55, 12, 113, 8, 120, 2, 286, 3. κατ-αοτερίζειν 145, 17, 18ἱ 113 15ι 17·
Ἱππόλυτος 145, 4. κατεγνωσμένος 351, 111.

Ἰσαάκ 54, 3,4, 10312, 184,1, 3261, 36317. νατενεχυρὰζειν 134, 18.
ὶοδγγελος 348, 17. κατηχρτὴς 118, 7.
’1014αὴ1 54, 3. κατηχοῦντες οἶ 13, 7.
ὶοοδύναμος 383, 6, 386, 3, 387, 1, 403, 2. Καυνδοια 6ρη 150, 4.
Ἰσραήλ 103, 17, 322, 6, 356, 2, 366, 4, 5, κεραιά 5, 5, 106, 18.

15, 367, 1, 402, 6. , κήρυγμα 11,13, 51,3, 252, 3, 253,,3, 255, 2ἷ
ἱστορεῖν τι videre 51151116, 11116155565110111 rei 351, 11, κηρύγματα 3, 5, 4, 8, 5, 13, 6,

32, 9, 37, 11, 62, 8, 63, 18, 66, 4, 114, 7, 7, 2, 13, 8, 11, 24, 14.

13, 182, 2, 196, 15, 18, 221, 2, 270, 11, Κινύρας 144, 16.

271 annet. 2, 301, 4, 318, 1; 376, 10, Κλήμης 10, 1, 2, 11,10,13,4, 16,3; 19,11;
ἱστορία inspectio 263, 6, 14. 21, 16, 24, 14, 25, 1, 4, 38, 17, 10, 9³
Ἰωάννης 58, 3, 53, l, 2, 5. 45, 2, 4314, 55, 8, 626, 65,14, 71114,
Ἰωνᾶς 252, 3. 7312, 71,8, 77,11, 7313, 11315, 123,
αα, 349, 9, 105. 16. ’ 2; 13,, οι ια, α, 1811256, α, αα,
'Momm 45, 7. 3, 263, 12, 270, 7, 280,2,5, ’16, 281181
ἰῶτα 5, 4, 106, 17. ’ 296, 12, 303, 4, 303, 13, 406, 8, 412111

415, 7,
Κ Κοῖος 155, 8.
Κάδμος 144, 5. Κόρη 162, 8.
καθέδρα 3, 8, 5,,16, 11, 11, 12, 6, 22, 12, Κορνή1ιος 407, 13.

23, 15, 24, 8, 87, 2, 8, 111, 7, 113, 3, ιριινιιῖις159, 18,

117, 7, 243, 10. Κρῖος 155, 18.
Καὶ, 53, 15, 30, 14, 102, 5, 373, 3. Κρῆτες 170, 3.
Καῖσαρ 23, 10, 123, 4, 21318, 211,5, 221, Κρήτη 150, 6.

6, 8, 14, 227, 15, 23511, 260, 7,8, 301, κρόμμυον 222, 16, 223, 14.

3, 304, 13, 16, 407, 13, 408, 7, 21. Κρόνιος 143, 11.

Καισάρεια Στράτωνος 38, 3, 42, 3, 120, 10, Κρᾶνος 128, 5, 133, 13, 1428, 150, 3, 151,

172, 16, 258, 3, 286, 5, 407, 20. 1, 155, 8, 10, 12, 17, 1531, 160,11,16,
κακοαραξία 17, 7, 18, 7. ’ 163, 18, 164ι 5, 163ι 18·
κακουχεῖν 51, 8, 277, 10, 278, 10, 280, 3. νιινᾶοοαρα 145, 18.
κακουχία 68, 12, 203, 7, 3, 253, 7, 276, 11, κνοφορεῑν 76, 11, 86, 3, 88, 7·

276 annot. 7, 281, 12. Κυνιὰρισσος 145, 1.

Καλλιστώ 143, 6, 145, 18, 146, 6. Κύπρις 142, 8.

 

