 

 

421

αιλτιξνιίσιος 52,1 13, 234, 2, 385, 4, 17, 396,
18, 466, 2.

αὐτογέννητος 328, 6, 16.

οἶφελληνίζεσθαι 288 annot. 2.

Ἀφροδίτη 127, 13, 147, 5, 156, 9, 156, 15,
16, 19, 162, 7, 164, 16, 165, 9, 11, 166,
5, 176, 5.

Ἀχελῷος 143, 8.

Ἀχερουσία λίμνη 156, 17.

Ἀχιλλεύς 145, 3, 165, 5, 176, 12.

ιίψενσοεῐν 91, 12.

Β

’ Βαβυλών 326, 16.
Βαβυλώνιοι 198, 15, 266, 13.
Βαλανιάι 281, 8.

ἶ “ Βαρνάβας 32, 16, 36, 15, 17, 38, 16, 39, 3,
⁸ 16, 46, 14, 47, 2.

βεβαιοῦν τι 22, νοῦν 26, 14.

Βενιαμίν 45, 9.

Βερνίκη 119, 8, 126, 1, 122, 16.

Βηρύτιος 181, 7.

Βηρυνίς 177, 4, 179, 8, 181, 16.

Βίβλος 181, 9.

βίθυνος 5, 26.

βουκολεῖσθαι ἐλπίσιν 262, 4.

Βράγχος 145, 2.

Βρεταννοί 388, 18.

βριλχειν ὀδόντας 395, 3.

Βελβλος 181 annot. 4.

Γ
Γάβαλα 281, 9.
Γανυμήδης 144, 16, 146, 5.
³¹. Γαριζίν 58, 1.
, γέεννα 336, 11.
⁸ γένεσις (= εἱμαρμένη) 126, 6, 8, 16, 11, 298,
9, 11, 18, 299. 1,8, 16, 305, 4, 5, 10;
414, 7. cfr. 126. annot. 2.
γενινίς 89, 11.
γεννητοί γυναικῶν 54. 9, 89, 8, 14, 167, 2.
Γενθαί 57 annot. 5.
Γῆ 155, 7.
γίγαντες 196, 16, 192, 11.
ramae, αα, 10. ’
γλίχεσθαι 38, 15, 86, 16, 262, 18, 274, 3.

= . γνόφος 73, 3, 193, 18.

Γνμίρρα 94, 11.

γονυκλινής 77, 13.
γυμνητειίεον 21, 8.

A
Δαβίδ 363, 9.
δαιμονᾶν 34, 5, 22817, 315, 17, 334. 7;
467, 20.
Δαναή 143, 5, 146, 7· ¹
Δαναοί, 137, 15.
Διλφνις 145, 4Ι
δεκάδαρχος 221, 7.
δελφίς 146, 1.

Δευκαλίων 53, 16.

y δευτερεῖα 15, 12.
Λημητηρ 128, 13, 147, 14, 155, 9, 162, 8,

δημιουργεῖν 46, 6, 6912, 16815, 398212.

δημιούργημα 158, 15.

δημιουργία 34, 3, 168, 16.

δημιουργός 73, 14, 99,1, 161, 3, 127, 4,
218,14,236,13; 311,16, 3322, 33517,
337, 3, 341,5; 352, 8, 353215, 361, 12;
363, 7, 364, 19, 365, 4, 36617, 36914,
371, 9, 13, 386, 16, 387, 1.

saiwa τῆς γενέσεως 391, 5.

διιλαονοι 16, 3, 14, 10; 18, 12, 20, 3, 17,
115, 8, 118, 7, 254, 9.

διαλεκτική τέχνη 32, 14.

διαμαρτυρία 8, 7.

διατάξεις, liber citatus 15, annot. 3; 16 ann.
1 et 5; 17 ann. 3; 19 ann. 11.

διαφωνεῖν evanescere, exstingui 208, 13, 269,
7, 2572, 285 annot. 10; 285, 5, 15, 364, 3.

διθοίλασσυς 26, 9.

Δίκη 146, 8.

Διογένης 147, 3.

διοινηνής 221, 6.

Διονύσιος citatus 341 annot 7.

Διόνυσος 127, 18, 144, 5,16; 115,2; 146, 3,
14713, 156,9, 1567, 162, 3, 9, 176, 11.

Διοσπολίτης 122, 15.

διπρόσωπος 65, 17.

διχὸνσια 18, 7,

Διιίνη 128 annot. 8.

δοκιμή 78, 9, 79, 11, 13.

δονοιλμενος ἐλπίσιν 31, 16.

Δοσίθεος 59, 5, 8 seqq. 66, 1, 3, 7.

Δριίοψ 145, 5.

δυϊνῶς 66, 8.

 

