 

 

INDEX

. A Αὶακὸς 143, 4.

Ἀαρών 00, 13, 359, 12, 495, 13. Αἰγίνη 143, 3.
’Ἀβδηρος 145, 5. Α7γ111ινος 28, 5, 59, 4, 179, 5, 356, 2.
Ἀβέλ 53, 15, 91, 19, 102, 6, 379, 3. Αἰγύπτιοι 66, 12, 136, 6, 179, 15, 17, 198,
Ἀβνμὲλεχ 349, 5. 14, 200,15; 222, 11, 223, 5, 395, 7,
meaewmmmmmw ww

188, 1ν; 18811, 33818, 8188 3118111 As... 1456·

492, 13. Αἰνείας 45, 8.
Ἀγγαῖος 45, 10, ἀἰτίᾳ per, 01). 1416, 7918, 87,14, 112,8;
(ἱνγαριύειν 270, 15, 319, 8, 311, 4. 175, 1, 20410, 29913, 247, 5, 34419,
'Anime (2) 143, 12. 302, 15, 370, 17, 335, 7, 390, 9, 392, 5,
'Ammon 171 143 annot. 19. 1Ῑὶ 4061 ῙῙ·
dmm} modus agendi 3, 7, 4, 9, 5,15, 0,11; Αἴτνη 143 annot· 7. ,

7, 11, α’κατάλητιτος 34, 8, 342, 15.

α’γωνιῖιν 81881888818981111812, 257,15; con· 1ἷκατατιν1ήκτωα 33, 4.

'tendere 129, 3. ἅνιιτίίσκοτιος non Observalus 200, 13.

ἀγωνίζεσθαι 9, 3, Ἀκρίσιος 143, 5.

Ἀδάμ 53, 14, 76, 19, 99, 3, 9, 191, 15, ’Λ1111111ς445, 11, 57, 6, 02, 5, 6, 119, 6,
192, 2, 3, 8, 329, 6, 8, 335,17, 35415, 183, 1125538, 281, 19, 285, 13, 289, 8.
355, 13, 303, 15, 499, 3. ἀκυροῦν 104, 7-

111111188γ11118ῑν 128 5111101. 7. 91114, 17114 9, 2, 16, 15, 122, 11, 173, 14,

ἅδελφσκοινεϊν ibidem, 252,14, 287, 7, 289, 16, 393, 7, 315, 18,

ἀδελφοκτονεῖν ibidem. 395, 18, 419, 8.

1ἰδελφοφθορεῖν 128, 13. ’Λ11ξτ1νδρ11111 32, 1, 46, 14, 57, 11.

ιῖδημονεῖν 499, 12. - ’.41113110ψῦ1 122, 14. ’

(ἰδιαφόρως 283, 12, 315, 4. Ἀλέξανδρος 179, 13.

’Ἄδμητος 145, 1. Ἀλκιβιάδης 147, 1.

α’δρανὴς (3118511118 16, 12. ’ Ἀλκμήνη 143, 1, 146, 8.

ιῖδυσώῑιητος 37, 15. &namsia 143, 4.

” ωννς 162, 7. (ἰμεταμέλητος 193, 12, 194, 3.

ἒΑμμηνοί 45 3111101. 8.
'Ammaia 193, 5.

Ἀθηνᾶ 156, 6, 12, 161, 16, 165, 9, 11.Ἰ ῃ1411111111, 145, 3.

’Λθῆναν 261, 2, 6, 19, 266, 4, 392, 3, 7. ἀμύητος 19, 123 135, 75 1117, 12.

Ἀθηναῖος 122, 16. Ἀμύκλας 115, 1,

Ἀθηνόδωρος ὅ Ἐπικούρειος 122, 15, 15415, Ἀμφιτρίτη 140, 1.

173, 3, 179, 11, 316, 6, 9, 498, 14, 411,’,»111,111ρ11111 143, 2.
4, 414, 11, 21. Ἀννίων 143, 1.

 

