429

Ὑμέναιος 115,3. Φοχόρ 104, 15.
, τῖιιαριιιᾶς 390, 3, Φοῖβος 140, 15.
ὑπατικός 221, 0. Φοινίκη 110, 0, 119, 10, 254, 15.
25545, 455, 8. 4454 443, 4, 44.
τῗιιέχεσθιιι εἰπεῖν idem 4114100444440514440372, ψόρβας 145, 1.
14, cfr. annol. 9· φυλοκρινεῖσθαι 403, 11Ι
¹ 4544,..ς1.-.4,ι4,,.1458, 44. ’ . 4544, 443, 4. ’
ὑποδιαβᾶλλειν 59, 12· φωῠϊήρ 73, 3·
454455, 40, 4, 44, 4, 44, 45, 45, 4, 44, . ’
,125 annot. 3, 120,1, 13914, 237, 4; Χ
302, 7. 54400100, 20, 15, 27, 1, 41, 11,· Χιίμ 198, 14.
49, 0, 107, 9, 234, 7. Χαναανῑτις 119, 8, 120, 2.
04400040 59, 15, 00, 5, 124, 5, 230, 5, 232, Χανανῑτις 55, 12, 119 annol. 5, 120 44414401. 1.
, 11, 237, 0, 357, 11. χάος 157, 14, 17,
ὗιιονόστησις 100, 12. χάρυβδις 21, 11Ι
0440400400 199, 9. χειροθετεῑν 119, 4. .
0440οτ0ομ41 100, 7, 12, 103, 19, 171, 14. χερσεύειν 19, 2, 230, 0, 18.
0440044154 58, 0, 92, 10, ,77944444 254, 9.
ὑποσχιῑσθαι 92 444401. 1. χιλίαρχος 221, 7.
χρηματίζειν 200, 7, 207, 12, 19, 208, 0, 01
(Ι) 209, 5, 7, 200, 4, 302, 5.
Φάνης 159, 11, 103, 14 χρησιμεύειν prodesse 91, 2, 97, 81 215, 17;
Φαραώ 327, 3, 349, 8. 238, 1.
Φαρισαῖοι 87, 2, 249, 3, 11, 13, 355, 2. 4Χριστός 3, 3, 10, 11, 11, 9, 12, 2, 13, 8,
Φαυστινιανο4200,14, 28041285, 11, 29011, 1135 15, 11; 20, 2, 22, 8, 12,,13, 5014,
40544 304. 74 412. 12· , 5444 854, 4444, 444, 5, 46; 445, 4, 3;
Φαυοτιιος 200, 14, 281, 3, 285, 10, 200, 1, 1111, 15, 11,, 111, 1,1,; 122, 35 351,175
287, 1, 289, 9, 11, 290, 11, 303, 3, 304, 303, 9, 10, 390, 10.
7, 402, 12. Χρύσιππος 147, 9.
Φαῦστος 200, 13, 303, 3, 304, 5, 310, 12, 5190011115,
400, 20, 407, 8, 408, 20, 409, 15 seqq. Js,'„,4145‚6¹
414, 2 seqq-
Φειδλιις 203, 11· Ψ
Φθιιέ 200, 10, 014. [amen 44444401. 8. ψευδαπόστολος 332, 12.
φθινοπωρινὴ τροπή 30, 9. ψευδοπροφήτης 20, 7.
φιλανθρωπία 272, 4, 7, 10, 10, 273, 3, 5. ψωρός 30, 2.
φιλοκαθεὸρ4ῑν 12, 3.
φιλοκρινεῖσθιιι separatim exsistere 381, 14. Ω
Φιλοκτήτης 145, 0. Ὠκεανός 155, 8.
φιλᾶληχος opp. φιλόσοφος· 35, 1, 49, 4. 014. 2414101402.
310, 2. ὦροσκοιτεῐν 199, 2.
φλυαρώδη, 4, 13. - ὦρονομεῖν 199, ann. 1:

.. .-.*....„..

 

