423*

Ἐρμῆς 144,10,· 145, 4, 150, 8, 156, ’14, Ἡσίοδος 157,13, 17,
165, 10, 11, 176, 5. Ἥφαιστος 142, 8; 145, 4, 200, 16. ,

Ἓρασύσαλις 150, 8.
Ἔρσα, ρ, 123, 2. ’ α
Ἔρως 139, 17, 146, 7, 8,10, 141,4, 1428, Θάλασσα 142, 7.
148, 14, 151, 7· Θεὰ 155, 8.
Ἑσπερίδες 156, 11, 166, 2. θέατρα 130, 6.
ἱῡτώς 57,14, 5916, 66, 2, 3, 3627, 36411. Θείαγ 155 annot, 4.

Ι 1 ἱνεροαλινία 20, 16. , θεμέλια, 10, 8, 351, 12.

αῗρίσισῑος 130, 15. Θέμις 146, 8, 155, 9.
Εὐρυάλη 146, 2. “ “ θεοβσύληνσς 11, 4.
Εὐρυμέδουσα 143, 8. &zuram Ἡσιόδου 157, 13.
Εὐρυσθεύς 145, 6. θεολογίαν 79, 16.
Εὐρώπη 143, 7, 146, 5. Θέρσης 145, 5.
εὖσυνειδησὶα 343, 16. Θέστιος 144, 1.
ειῖσυναὸήτας 68, 10. Θέτις 156, 8, 164, 14.
ια’φρασία 15, 16. ’Θῆβαι 150, 9.
εὐχρηστεῖν 83, 16,· 238, 1. ’ θολονικός 162 annot. 1.
ἐφααλοῖιν 73, 17, 245, 12. 0012222262 162, 3.
mem, 268, 2, . αμα, 150, 9; αο, 5.
ἐφοδιάζειν inslruere aliquem 4, 10, 14, 14, θρυλλεῖν τινα 53, 7.

69, 5, 16, 261, 2, 327, 6· θρύλλος 36, 15.

¹ Θωμᾶς 45, 7.
Z

Ζάκυνθος 144, 16. 1 ·
Ζακχαῖος 45, 6; 56, 15, 67, 17, 03, 7, 112, Ἰακώβ 54,5; 76, 13, 101413, 1841, 3271,

18, 113,2,3, 117, 12, 118, 11, 333, 5, 336, 1, 363, 18, 366, 5, 402, 14, 17.

337, 11. ’ Ἰάκωβος ,3,1, 6, 4, 9, 3, 4, 24, 10, 253, 9.
Ζαχαρίας 45, 10. ὶσίσκοασς 3, 2, 9, 13, ἑανσκσσσς ὲαισκόαανν
¹ Ζεύς, Διός, Ζῆνα 127, 18, 128,4,9, 133,12, 11, 2.

141, 2, 7, 14, 144, 15, 145, 18, 146, 4, Ἰἁαμηνον 45, 16.

156, 5, 12, 155, 16, 156, 2, 13, 160, 15, Ἰάρνηναν 45 ann01. 8.

161, 2, 12, 162, 12, 13, 164, 2, 13, 168, Ἰααηᾶς 155, 8.

7, 169, 9, 176,1, 171, 3, 161661, 11, 206, 13, 207, 2, 10, 32416,
Ζῆθος 143, 1, 11, 17, 330, 5, 334, 16, 17, 348, 9.
Ζήνων 147, 6. ἰδιαλογεῖσθαι 124, 11.

Ζωροάστρης 198, 18, 199, 7. ἰδιώτης 49, 11, 129, 3, 317, 2.
H ἱερεῖς τῶν ἀναθημάτων mma ὑφαιροῦνται
‘'441142, 5. ι 222, 2 sqq.
Ἠλίας 54, 7. Ἱερεμίας ἓν τοῖς Θρηνοις 356, 1
Ἤλιος 161, 14, 170, 4. Ἰερουσαλήμ 58, 1, 252, 16.
η’μεροβαατιστής 58, 9. ἱεροφάντης 28, 6.
Ἥρα 128, 13, 142, 4, 6, 147, 11, 156, 12, Ἰησνῖνς 3, 3, 10, 8, 11, 9, 55, 1, 106, 2, '⁵

161,11,15, 165, 9, 16, 166, 3. -108, 5, 122, 3, 18415, 185, 1, 1013,
Ἡρακλῆς 128, 1, 143, 3, 145, 5, 146, 8, 336, 2, 7, 337, 13, 3466, 35Ι,3, 3534,
,166,8,170,11. ’ 356, 14, 361, 125364, 1, 365, 3, 5.
Ἡσαΐας 365, 5, 366, 15, 16. 6²74 20, 11, 158, 6, 3.

Ἡσαῦ 54, 4. Ἰλιθῆα 14213111101. 4.

 

